創世記1,2,3,4,5,6,7,8,9,10,11,12,13,14,15,16,17,18,19,20,21,22,23,24,25,26,27,28,29,30,31,32,33,34,35,36,37,38,39,4041,42,43,44,45,46,47,48,49,50
出エジプト記1,2,3,4,5,6,7,8,9,10,11,12,13,14,15,16,17,18,19,20,21,22,23,24,25,26,27,28,29,30,31,32,33,34,35,36,37,38,39,40
レビ記1,2,3,4,5,6,7,8,9,10,11,12,13,14,15,16,17,18,19,20,21,22,23,24,25,26,27,
民数記1,2,3,4,5,6,7,8,9,10,11,12,13,14,15,16,17,18,19,20,21,22,23,24,25,26,27,28,29,30,31,32,33,34,35,36
申命記1,2,3,4,5,6,7,8,9,10,11,12,13,14,15,16,17,18,19,20,21,22,23,24,25,26,27,28,29,30,31,32,33,34
ヨシュア記1,2,3,4,5,6,7,8,9,10,11,12,13,14,15,16,17,18,19,20,21,22,23,24
士師記1,2,3,4,5,6,7,8,9,10,11,12,13,14,15,16,17,18,19,20,21
ルツ記1,2,3,4
サムエル記　第一1,2,3,4,5,6,7,8,9,10,11,12,13,14,15,16,17,18,19,20,21,22,23,24,25,26,27,28,29,30,31
サムエル記　第二1,2,3,4,5,6,7,8,9,10,11,12,13,14,15,16,17,18,19,20,21,22,23,24
列王記　第一1,2,3,4,5,6,7,8,9,10,11,12,13,14,15,16,17,18,19,20,21,22
列王記　第二1,2,3,4,5,6,7,8,9,10,11,12,13,14,15,16,17,18,19,20,21,22,23,24,25,
歴代誌　第一1,2,3,4,5,6,7,8,9,10,11,12,13,14,15,16,17,18,19,20,21,22,23,24,25,26,27,28,29,
歴代誌　第二1,2,3,4,5,6,7,8,9,10,11,12,13,14,15,16,17,18,19,20,21,22,23,24,25,26,27,28,29,30,31,32,33,34,35,36
エズラ記1,2,3,4,5,6,7,8,9,10
ネヘミヤ記1,2,3,4,5,6,7,8,9,10,11,12,13,
エステル記1,2,3,4,5,6,7,8,9,10
ヨブ記1,2,3,4,5,6,7,8,9,10,11,12,13,14,15,16,17,18,19,20,21,22,23,24,25,26,27,28,29,30,31,32,33,34,35,36,37,38,39,4041,42
詩篇1,2,3,4,5,6,7,8,9,10,11,12,13,14,15,16,17,18,19,20,21,22,23,24,25,26,27,28,29,30,31,32,33,34,35,36,37,38,39,4041,42,43,44,45,46,47,48,49,50,51,52,53,54,55,56,57,58,59,60,61,62,63,64,65,66,67,68,69,7071,72,73,74,75,76,77,78,79,80,81,82,83,84,85,86,87,88,89,90,91,92,93,94,95,96,97,98,99,100,101,102,103,104,105,106,107,108,109,110,111,112,113,114,115,116,117,118,119,120,121,122,123,124,125,126,127,128,129,130,131,132,133,134,135,136,137,138,139,140,141,142,143,144,145,146,147,148,149,150
箴言1,2,3,4,5,6,7,8,9,10,11,12,13,14,15,16,17,18,19,20,21,22,23,24,25,26,27,28,29,30,31
伝道者の書1,2,3,4,5,6,7,8,9,10,11,12
雅歌1,2,3,4,5,6,7,8
イザヤ書1,2,3,4,5,6,7,8,9,10,11,12,13,14,15,16,17,18,19,20,21,22,23,24,25,26,27,28,29,30,31,32,33,34,35,36,37,38,39,4041,42,43,44,45,46,47,48,49,50,51,52,53,54,55,56,57,58,59,60,61,62,63,64,65,66
エレミヤ書1,2,3,4,5,6,7,8,9,10,11,12,13,14,15,16,17,18,19,20,21,22,23,24,25,26,27,28,29,30,31,32,33,34,35,36,37,38,39,4041,42,43,44,45,46,47,48,49,50,51,52
哀歌1,2,3,4,5,
エゼキエル書1,2,3,4,5,6,7,8,9,10,11,12,13,14,15,16,17,18,19,20,21,22,23,24,25,26,27,28,29,30,31,32,33,34,35,36,37,38,39,4041,42,43,44,45,46,47,48
ダニエル書1,2,3,4,5,6,7,8,9,10,11,12
ホセア書1,2,3,4,5,6,7,8,9,10,11,12,13,14
ヨエル書1,2,3,
アモス書1,2,3,4,5,6,7,8,9,
オバデヤ書1
ヨナ書1,2,3,4
ミカ書1,2,3,4,5,6,7,
ナホム書1,2,3,
ハバクク書1,2,3,
ゼパニヤ書1,2,3,
ハガイ書1,2
ゼカリヤ書1,2,3,4,5,6,7,8,9,10,11,12,13,14
マラキ書1,2,3,
マタイの福音書1,2,3,4,5,6,7,8,9,10,11,12,13,14,15,16,17,18,19,20,21,22,23,24,25,26,27,28
マルコの福音書1,2,3,4,5,6,7,8,9,10,11,12,13,14,15,16
ルカの福音書1,2,3,4,5,6,7,8,9,10,11,12,13,14,15,16,17,18,19,20,21,22,23,24
ヨハネの福音書1,2,3,4,5,6,7,8,9,10,11,12,13,14,15,16,17,18,19,20,21
使徒の働き1,2,3,4,5,6,7,8,9,10,11,12,13,14,15,16,17,18,19,20,21,22,23,24,25,26,27,28
ローマ人への手紙1,2,3,4,5,6,7,8,9,10,11,12,13,14,15,16
コリント人への手紙　第一1,2,3,4,5,6,7,8,9,10,11,12,13,14,15,16
コリント人への手紙　第二1,2,3,4,5,6,7,8,9,10,11,12,13,
ガラテヤ人への手紙1,2,3,4,5,6
エペソ人への手紙1,2,3,4,5,6
ピリピ人への手紙1,2,3,4
コロサイ人への手紙1,2,3,4
テサロニケ人への手紙　第一1,2,3,4,5,
テサロニケ人への手紙　第二1,2,3,
テモテへの手紙　第一1,2,3,4,5,6
テモテへの手紙　第二1,2,3,4
テトスへの手紙1,2,3,
ピレモンへの手紙1
へブル人への手紙1,2,3,4,5,6,7,8,9,10,11,12,13,
ヤコブの手紙1,2,3,4,5,
ペテロの手紙　第一1,2,3,4,5,
ペテロの手紙　第二1,2,3,
ヨハネの手紙　第一1,2,3,4,5,
ヨハネの手紙　第二1
ヨハネの手紙　第三1
ユダの手紙1
ヨハネの黙示録1,2,3,4,5,6,7,8,9,10,11,12,13,14,15,16,17,18,19,20,21,22